6.02
12.8403
13.2229
12.583
16.8418
9.56358
9.12923
16.1164
20.3771
6.16625
9.7434
11.843
13.6809
13.8854
1.44149
8.01326
2.33444
12.6919
8.84536
5.20266
7.90323
10.5138
11.0467
16.3129
11.7335
10.424
8.57125
8.02437
4.63933
3.22682
7.35986
10.1608
3.16922
22.4532
9.06282
12.9029
2.87868
9.30989
15.2588
3.29395
6.35406
0.143551
6.27496
13.0001
5.09974
9.35164
16.059
5.87703
-1.99434
5.56659
5.39674
5.30418
7.65863
4.33897
3.66587
10.4204
21.2344
-5.16205
15.2141
19.122
12.2613
11.8841
13.3606
11.3221
8.68274
15.4684
11.1976
9.28525
12.1176
11.3433
8.48756
-2.94398
-2.81323
7.78882
22.8515
22.6741
8.53242
13.228
12.3412
13.8535
9.51393
10.0489
14.1984
-2.14838
7.39409
19.0848
9.98224
11.4435
5.23839
6.57601
9.92451
12.3862
4.9194
2.83
8.20162
16.9567
12.9253
10.5063
12.5069
2.33144
